3 3 0 32
4 4 0 36
1 1 0 38
3 8 12 44
2 2 0 48
4 9 12 48
1 6 12 50
5 5 0 54
3 13 24 56
2 7 12 60
4 14 24 60
1 11 24 62
5 10 12 66
3 17 36 68
2 12 24 72
4 4 36 72
1 3 36 74
5 15 24 78
3 1 48 80
2 16 36 84
4 9 48 84
1 8 48 86
5 18 36 90
3 5 60 92
2 2 48 96
4 14 60 96
1 13 60 98
5 19 48 102
3 10 72 104
2 7 60 108
4 4 72 108
1 17 72 110
5 6 60 114
3 15 84 116
2 12 72 120
4 9 84 120
1 1 84 122
5 11 72 126
3 18 96 128
2 16 84 132
4 14 96 132
1 5 96 134
5 3 84 138
3 19 108 140
2 2 96 144
4 4 108 144
1 10 108 146
5 8 96 150
3 6 120 152
2 7 108 156
4 9 120 156
1 15 120 158
5 13 108 162
3 11 132 164
2 12 120 168
4 14 132 168
1 18 132 170
5 17 120 174
3 3 144 176
2 16 132 180
4 4 144 180
1 19 144 182
5 1 132 186
3 8 156 188
2 2 144 192
4 9 156 192
1 6 156 194
5 5 144 198
3 13 168 200
2 7 156 204
4 14 168 204
1 11 168 206
5 10 156 210
3 17 180 212
2 12 168 216
4 4 180 216
1 3 180 218
5 15 168 222
3 1 192 224
2 16 180 228
4 9 192 228
1 8 192 230
5 18 180 234
3 5 204 236
2 2 192 240
4 14 204 240
1 13 204 242
5 19 192 246
3 10 216 248
2 7 204 252
4 4 216 252
1 17 216 254
5 6 204 258
3 15 228 260
2 12 216 264
4 9 228 264
1 1 228 266
5 11 216 270
3 18 240 272
2 16 228 276
4 14 240 276
1 5 240 278
5 3 228 282
3 19 252 284
2 2 240 288
4 4 252 288
1 10 252 290
5 8 240 294
3 6 264 296
2 7 252 300
4 9 264 300
1 15 264 302
5 13 252 306
3 11 276 308
2 12 264 312
4 14 276 312
1 18 276 314
5 17 264 318
3 3 288 320
2 16 276 324
4 4 288 324
1 19 288 326
5 1 276 330
3 8 300 332
2 2 288 336
4 9 300 336
1 6 300 338
5 5 288 342
3 13 312 344
2 7 300 348
4 14 312 348
1 11 312 350
5 10 300 354
3 17 324 356
2 12 312 360
4 4 324 360
1 3 324 362
5 15 312 366
3 1 336 368
2 16 324 372
4 9 336 372
1 8 336 374
5 18 324 378
3 5 348 380
2 2 336 384
4 14 348 384
1 13 348 386
5 19 336 390
3 10 360 392
2 7 348 396
4 4 360 396
1 17 360 398
5 6 348 402
3 15 372 404
2 12 360 408
4 9 372 408
1 1 372 410
5 11 360 414
3 18 384 416
2 16 372 420
4 14 384 420
1 5 384 422
5 3 372 426
3 19 396 428
2 2 384 432
4 4 396 432
1 10 396 434
5 8 384 438
3 6 408 440
2 7 396 444
4 9 408 444
1 15 408 446
5 13 396 450
3 11 420 452
2 12 408 456
4 14 420 456
1 18 420 458
5 17 408 462
3 3 432 464
2 16 420 468
4 4 432 468
1 19 432 470
5 1 420 474
3 8 444 476
2 2 432 480
4 9 444 480
1 6 444 482
5 5 432 486
3 13 456 488
2 7 444 492
4 14 456 492
1 11 456 494
5 10 444 498
3 17 468 500
2 12 456 504
4 4 468 504
1 3 468 506
5 15 456 510
3 1 480 512
2 16 468 516
4 9 480 516
1 8 480 518
5 18 468 522
3 5 492 524
2 2 480 528
4 14 492 528
1 13 492 530
5 19 480 534
3 10 504 536
2 7 492 540
4 4 504 540
1 17 504 542
5 6 492 546
3 15 516 548
2 12 504 552
4 9 516 552
1 1 516 554
5 11 504 558
3 18 528 560
2 16 516 564
4 14 528 564
1 5 528 566
5 3 516 570
3 19 540 572
2 2 528 576
4 4 540 576
1 10 540 578
5 8 528 582
3 6 552 584
2 7 540 588
4 9 552 588
1 15 552 590
5 13 540 594
3 11 564 596
2 12 552 600
4 14 564 600
1 18 564 602
5 17 552 606
3 3 576 608
2 16 564 612
4 4 576 612
1 19 576 614
5 1 564 618
3 8 588 620
2 2 576 624
4 9 588 624
1 6 588 626
5 5 576 630
3 13 600 632
2 7 588 636
4 14 600 636
1 11 600 638
5 10 588 642
3 17 612 644
2 12 600 648
4 4 612 648
1 3 612 650
5 15 600 654
3 1 624 656
2 16 612 660
4 9 624 660
1 8 624 662
5 18 612 666
3 5 636 668
2 2 624 672
4 14 636 672
1 13 636 674
5 19 624 678
3 10 648 680
2 7 636 684
4 4 648 684
1 17 648 686
5 6 636 690
3 15 660 692
2 12 648 696
4 9 660 696
1 1 660 698
5 11 648 702
3 18 672 704
2 16 660 708
4 14 672 708
1 5 672 710
5 3 660 714
3 19 684 716
2 2 672 720
4 4 684 720
1 10 684 722
5 8 672 726
3 6 696 728
2 7 684 732
4 9 696 732
1 15 696 734
5 13 684 738
3 11 708 740
2 12 696 744
4 14 708 744
1 18 708 746
5 17 696 750
3 3 720 752
2 16 708 756
4 4 720 756
1 19 720 758
5 1 708 762
3 8 732 764
2 2 720 768
4 9 732 768
1 6 732 770
5 5 720 774
3 13 744 776
2 7 732 780
4 14 744 780
1 11 744 782
5 10 732 786
3 17 756 788
2 12 744 792
4 4 756 792
1 3 756 794
5 15 744 798
3 1 768 800
2 16 756 804
4 9 768 804
1 8 768 806
5 18 756 810
3 5 780 812
2 2 768 816
4 14 780 816
1 13 780 818
5 19 768 822
3 10 792 824
2 7 780 828
4 4 792 828
1 17 792 830
5 6 780 834
3 15 804 836
2 12 792 840
4 9 804 840
1 1 804 842
5 11 792 846
3 18 816 848
2 16 804 852
4 14 816 852
1 5 816 854
5 3 804 858
3 19 828 860
2 2 816 864
4 4 828 864
1 10 828 866
5 8 816 870
3 6 840 872
2 7 828 876
4 9 840 876
1 15 840 878
5 13 828 882
3 11 852 884
2 12 840 888
4 14 852 888
1 18 852 890
5 17 840 894
3 3 864 896
2 16 852 900
4 4 864 900
1 19 864 902
5 1 852 906
3 8 876 908
2 2 864 912
4 9 876 912
1 6 876 914
5 5 864 918
3 13 888 920
2 7 876 924
4 14 888 924
1 11 888 926
5 10 876 930
3 17 900 932
2 12 888 936
4 4 900 936
1 3 900 938
5 15 888 942
3 1 912 944
2 16 900 948
4 9 912 948
1 8 912 950
5 18 900 954
3 5 924 956
2 2 912 960
4 14 924 960
1 13 924 962
5 19 912 966
3 10 936 968
2 7 924 972
4 4 936 972
1 17 936 974
5 6 924 978
3 15 948 980
2 12 936 984
4 9 948 984
1 1 948 986
5 11 936 990
3 18 960 992
2 16 948 996
4 14 960 996
1 5 960 998
5 3 948 1002
3 19 972 1004
2 2 960 1008
4 4 972 1008
1 10 972 1010
5 8 960 1014
3 6 984 1016
2 7 972 1020
4 9 984 1020
1 15 984 1022
5 13 972 1026
2 12 984 1032
5 17 984 1038
